Title Line: "Microsatellite Data set: 'Genetic divergence is decoupled from ecological diversification in the Hawaiian Nesosydne planthoppers', Evolution, authors: Kari Roesch Goodman; Stephen C. Welter; George Roderick, Department of Environmental Science, Policy and Management, U.C. Berkeley, krgoodman@berkeley.edu"
Nc3
Nc4
Nc5
Nc6
Nc7
Nc8
Nc9
Nc10
Nc11
Nc12
Nc17
Nc13
Nc14
Pop
06FBa , 164164 231231 199199 176176 165165 150150 212212 096096 203203 192192 150156 171181 225225
06FBc , 164164 231231 199199 176176 165165 150150 212216 087096 203203 192192 153192 181181 225225
06FCa , 164164 231231 197203 176176 165165 150150 212216 096096 203203 184192 156156 181181 229229
06FCb , 164164 231231 197197 176176 165165 150154 212212 087096 203203 192192 147147 181181 225225
06FD  , 164164 231231 199199 176176 165165 150150 196212 096096 203203 184192 147153 171181 225225
06FDb , 164164 231231 197197 176176 165165 150150 208216 096096 203203 184192 147147 181181 225225
06FE  , 164164 231231 203203 172176 165169 150150 212216 096096 203203 188192 150153 171181 217225
06FEb , 164164 231231 195203 172176 165169 150150 212216 096096 203203 192192 147150 181181 225225
06FF  , 164164 223231 199203 176176 165165 150150 196216 096096 203203 188192 150153 171171 225225
06FFb , 164164 231231 203203 172176 165169 150150 212212 096096 203203 188192 150153 181181 217225
06FHa , 164164 231231 199199 172176 161165 146150 212212 096096 203203 192192 147150 171181 225225
06FHb , 164164 231231 199199 176176 165165 146150 212212 096096 203203 192196 150150 171181 229229
06FHc , 150164 231231 191195 172176 165165 150154 212212 096096 203203 192192 147150 181181 225225
06FI  , 164164 231231 199203 172172 165169 150172 212212 096096 207207 192192 150150 171171 225225
06FJa , 164164 231231 199203 172176 165165 150150 216216 096096 207207 192196 147153 181181 225229
06FK  , 164164 231231 199203 172172 165165 150150 212216 096096 207207 184192 147150 181181 225233
06FKb , 164164 231231 195203 172176 165165 150150 212212 096096 203203 192196 147153 181181 217233
06FKc , 164164 231231 203203 172172 165165 150150 196216 096096 203203 184192 147147 181181 221225
06FN  , 156164 223231 203203 172172 165169 146150 196212 096096 203203 184192 153183 181181 225225
06FS  , 156164 231231 199199 172172 165165 150172 212212 096096 207207 192192 150150 171171 217225
MLT1  , 164164 231231 199203 172176 165165 150150 208212 096096 203203 192192 150153 181181 229229
MLT10 , 164164 231231 199199 172176 165165 150154 212212 096096 203203 192192 150156 181181 225229
MLT11 , 164164 231231 203203 172176 165165 000000 208216 096096 207207 192192 150180 181181 229241
MLT12 , 164164 231231 000000 176176 165165 150150 212212 096096 203203 192192 147153 181181 225225
MLT13 , 156164 231231 199199 172172 165169 150154 208212 096096 203207 192192 147150 171181 225229
MLT14 , 164164 231231 197203 172172 165169 150154 212212 087096 203203 192192 150180 181181 217233
MLT15 , 164164 231231 199199 156172 165165 150154 216216 096096 203207 192192 147153 171171 221221
MLT2  , 164164 231231 199199 172176 165165 150150 196216 096096 203203 192192 150150 181181 225229
MLT6  , 164164 231231 203203 172176 165165 150154 208212 096096 203203 192192 138150 181181 217225
MLT7  , 164164 231231 000000 172176 161165 154154 212212 087096 203203 192192 138150 181181 225225
MLT8  , 164164 231231 199203 176176 165169 150150 196216 096096 203203 192192 150153 181181 229229
MLT9  , 164164 231231 199203 172176 165165 150150 212212 096096 203203 192192 147150 181181 225229
Pop
0807a , 164164 231231 199199 172176 165165 150150 212212 096096 207207 192192 147150 171171 217229
0807b , 156164 231231 199199 172176 165165 150150 212212 096096 203203 192192 153156 171171 217229
0807c , 164164 231231 199199 172176 165165 150150 208212 096096 207207 184192 153153 171181 000000
0808a , 164164 231231 199199 172172 161165 150150 212212 087096 000000 192192 150153 181181 225229
0808b , 156164 231231 199199 156176 165165 150150 212212 096096 203203 192192 150150 181181 225229
0809b , 164164 231231 199199 172172 165165 150150 212212 096096 203203 192192 153153 171171 225225
0810  , 164164 231231 199199 172176 165165 150150 212212 096096 207207 192192 150153 181181 225229
0811a , 164164 231231 199199 172172 165169 150150 208212 096096 203203 192192 150153 171181 217229
0811b , 164164 231231 199199 172172 165165 150150 212212 096096 203203 192192 150153 171171 225233
0812a , 164164 231231 199199 156172 165165 150172 212212 096096 000000 192192 150153 171181 225233
0812b , 164164 231231 199199 172172 165165 150150 208212 087096 203203 192192 147156 181181 225233
0813a , 164164 231231 199199 172172 000000 150150 196212 096096 207207 192192 147153 171171 225225
0813b , 164164 231231 199203 172172 165165 150150 212212 096096 203203 192192 150156 171181 225225
0814a , 156164 231231 199199 172172 165165 146150 212212 096096 195199 192192 147156 171181 225225
0814b , 164164 231231 199199 172176 165165 150150 212212 096096 207207 192192 156159 171171 225225
0814c , 164164 231231 199199 172176 165165 150172 212212 087096 195207 192192 150153 171171 225229
0815a , 164164 231231 199199 172172 165165 146150 208212 096096 203203 192192 147153 171181 225233
0815b , 164164 231231 199199 172176 165165 146150 212212 096096 203203 192192 150153 181181 225225
0816a , 164164 231231 199203 172176 165165 150172 212212 096096 203203 192192 153156 181181 225229
0816b , 164164 231231 199199 172176 165165 150150 196212 096096 203203 192192 153153 171171 217225
0817a , 164164 231231 199199 172176 165165 146150 212212 096096 207207 192192 150153 171181 225233
0817b , 000000 231231 199203 172176 165165 150150 208212 096096 203203 192192 153180 171171 225225
0818a , 164164 231231 000000 172176 165165 150150 212212 096096 000000 192192 150153 181181 225225
0818b , 164164 231231 199199 172176 165165 150172 196212 096096 207207 192192 147150 171171 225225
0818c , 164164 231231 199199 172176 165165 150150 212212 096096 207207 192192 150150 171181 225225
0852a , 164164 231231 199199 172172 165165 150150 212212 096096 207207 192192 147150 181181 217225
0852b , 164164 231231 199199 156156 165165 150162 212212 087096 207207 192192 150156 171181 225225
0852c , 164164 231231 199203 156176 165165 150150 208212 087096 207207 192192 150150 171181 217249
Pop
LOR1  , 156164 231231 199203 172176 165165 000000 208216 096102 199199 192192 153156 181181 229233
LOR11 , 156156 231231 199203 172172 165165 150150 208208 096096 195199 192192 153153 181181 229233
LOR12 , 156156 231231 203203 172176 165165 150150 212212 096102 199199 192192 156171 181181 225233
LOR13 , 156164 231231 199203 176176 161165 150162 212216 096102 195195 192192 153171 181181 229233
LOR14 , 156156 235235 199203 176176 161165 150162 208216 096096 000000 192192 153171 181181 233233
LOR15 , 156156 231231 191199 176176 165165 150150 208208 102102 199199 192192 156156 181181 229233
LOR16 , 156156 231231 191191 172172 165165 150150 208208 102102 199199 192192 153156 181181 233233
LOR17 , 156156 231231 203203 172176 165165 146146 208216 096102 195199 192192 156156 181181 233233
LOR18 , 000000 231235 191203 172172 165165 150150 208216 096102 195199 188192 156156 181181 233233
LOR19 , 156156 231231 203203 172176 165165 150162 216216 096102 195199 192192 156171 181181 233233
LOR2  , 156164 231235 199203 172176 165165 150150 208208 096102 195199 192192 153156 181181 225233
LOR20 , 156164 235235 199203 172176 161165 150150 216216 096102 195195 192192 153156 181181 225233
LOR21 , 156156 227227 199203 172172 161165 150162 208216 096102 195199 192192 156156 181181 229233
LOR22 , 156156 231231 203203 172172 161161 150162 208216 096102 195199 192192 156156 181181 229233
LOR23 , 156156 231231 199203 172176 161161 150162 208216 096096 195199 192192 153156 181181 229229
LOR24 , 156164 231235 199203 176176 165165 162162 208216 096102 195199 192192 153153 181181 233233
LOR25 , 156156 235235 203203 172176 161165 150162 208208 099102 199199 192192 171171 181181 233233
LOR26 , 156156 231231 191203 176176 161165 150150 208208 096102 195199 192192 156156 181181 233233
LOR27 , 156156 231231 199203 172172 165165 150150 208212 096102 195195 192192 153156 181181 225233
LOR28 , 156156 231235 191203 172172 165165 150150 208208 096096 195199 192192 156156 181181 225233
LOR3  , 156156 231231 199203 176176 165165 150150 208208 096102 195195 192192 153171 181181 225233
LOR30 , 156156 231231 199203 172172 161165 150162 208208 102102 195199 192192 153156 181181 229233
LOR31 , 156156 231235 203203 172172 000000 150162 000000 096102 195195 192192 153153 181181 233233
LOR32 , 156156 000000 199199 172176 161165 150150 208208 096096 195199 192192 153156 181181 225229
LOR4  , 156156 231235 199203 172172 161165 150162 208208 096102 195199 192192 171171 181181 225233
LOR5  , 156164 231231 199203 172176 165165 150150 208208 096096 195199 192192 153156 181181 225229
LOR6  , 156156 231235 203203 172176 165165 150150 208212 096096 195199 192192 153153 181181 233233
LOR7  , 156156 231231 191203 172176 165165 150150 208216 096102 195199 192192 153153 181181 225233
LOR8  , 156156 231235 203203 172172 161165 150150 208212 096102 195195 192192 153156 181181 229233
Pop
0849a , 156156 227235 199199 172176 165165 150176 212212 096096 195207 192192 138153 181181 225229
0849c , 164164 227227 199203 176176 165165 150162 208212 096099 195207 192192 153153 181181 225229
0849d , 156156 231235 199203 172172 165165 150154 212216 096099 203207 192192 150159 181181 229229
0849e , 156156 227231 191199 172176 165165 146146 208212 096096 195207 192192 153156 181181 229229
0849f , 156156 227235 191203 172172 165165 150162 196216 096099 207207 192192 153156 176176 229241
0849g , 164164 231235 199199 176176 165165 150150 208208 096096 195207 192192 150153 176176 229229
0849h , 156156 235235 199207 172172 165165 150158 208216 096096 195207 192192 153153 181181 217245
0849i , 156156 227227 199203 172172 165165 162174 212216 096099 195207 192192 138153 181181 229229
0849j , 156164 227235 199207 172172 165165 146150 212212 096099 207207 192192 153153 181181 225229
0849k , 156156 231231 191203 172176 165165 150150 216216 096102 207207 192192 150153 181181 229241
0849l , 156164 231231 199207 172172 165165 146154 212216 096099 207207 192192 153156 181181 229229
0849m , 164164 231235 191203 172176 165165 146154 208216 096096 203207 192192 153153 181181 217229
0849o , 156164 227227 191203 176176 165165 150150 208212 096099 195207 184192 153165 181181 229229
0850a , 156164 231231 191207 172176 161165 158162 000000 096096 203207 192192 147153 181181 225229
0850b , 156164 231231 191199 172172 165165 150162 212212 096099 195207 192192 153153 181181 229241
0850c , 156164 231231 195207 176176 161165 162162 212212 096099 207207 192192 147153 181181 225225
0850d , 156164 227231 191203 172172 161165 150162 212212 096096 207207 192192 153168 181181 217229
0850e , 156164 227231 203207 172172 165165 158162 212212 096096 195207 192192 147153 181181 225225
0850f , 156164 231231 207219 172172 165165 162172 212216 099099 207207 192192 147153 181181 225241
0850g , 156164 231231 195219 172172 161165 162162 212212 096099 195207 192192 147153 181181 229229
0850i , 156164 227231 199219 172172 165165 162162 212216 096099 195203 192192 147153 181181 225225
0850j , 156164 227231 199203 176176 165165 150162 212212 096096 195207 184192 153153 181181 225225
0850k , 156156 231231 203203 172172 165165 162162 212212 090099 195207 192192 153156 176181 225241
0850l , 164164 231231 203219 172176 165165 162162 216216 099099 207207 192192 153153 181181 229229
0850m , 164164 231231 199207 172172 165165 150162 212212 099099 203203 192192 156156 181181 225229
0850n , 156164 231231 191207 176176 165165 150162 216216 096096 195195 192192 147153 176181 225241
0850o , 156164 227227 203207 176176 165165 162172 216216 099099 195195 192192 147153 181181 225241
Pop
0851a , 156156 231231 191207 172196 165165 000000 216216 099102 207207 192192 153171 181181 225225
851aa , 156164 000000 195195 176176 161161 150150 000000 096096 195207 192192 000000 181181 000000
851ac , 164164 231231 191219 172196 165165 146146 212212 096096 195207 192192 153153 181181 225237
0851b , 164164 231231 191219 172172 165165 146150 212212 096096 203207 192192 153153 181181 225237
0851e , 156156 227231 195195 172176 165165 150158 212212 096096 195195 192192 153156 181181 225241
0851f , 156156 223231 195195 172172 165165 158162 212212 096096 207207 192192 156171 181181 225225
0851g , 156156 227231 195195 172172 165165 158162 212212 096096 207207 192192 153171 181181 225225
0851h , 156156 227227 195195 176176 161161 158162 212216 096096 207207 192192 153177 181181 225225
0851j , 164164 231231 191207 172176 165165 150158 212216 000000 000000 000000 153153 181181 225245
0851k , 164164 231231 219219 172196 165165 146150 212212 096096 195207 192192 153153 181181 225237
0851l , 156164 227227 195195 172172 161165 150158 212212 096096 195207 192192 156156 181181 225225
0851m , 156156 227227 195195 176176 161161 162162 212216 096096 195207 192192 153177 181181 225225
0851n , 156164 227227 195199 176176 161165 150162 212216 096096 207207 192192 156156 181181 225225
0851o , 164164 231231 191219 172176 161165 146150 212212 096096 195207 192192 153153 181181 225237
0851p , 156164 227227 195195 176176 161165 158158 212216 096096 195195 192192 153156 181181 225225
0851q , 156156 227227 195195 172176 161165 158162 216216 096096 195195 192192 153177 181181 225225
0851r , 164164 231231 219219 172196 165165 146150 212212 096102 000000 192192 147153 181181 237237
0851s , 156156 231231 195199 172176 161165 150150 216216 096096 207207 192192 156177 181181 225225
0851t , 156164 231231 195195 172176 165165 158162 212212 096096 195195 192192 156177 181181 225225
0851u , 156156 227227 195195 172176 165165 150150 216216 096096 203207 192192 177177 181181 225225
0851v , 156156 227227 195195 176176 161161 150162 216216 096096 195207 192192 153177 181181 225225
0851w , 164164 231231 191191 172196 165165 146146 212212 096096 207207 192192 147153 181181 237237
0851x , 156164 227227 195195 172176 161165 158162 212216 096096 207207 000000 153156 181181 225225
0851y , 164164 231231 191191 196196 165165 146150 212212 096102 195195 192192 153153 181181 237237
0851z , 164164 227231 195195 172172 165165 150158 212216 096096 195195 192192 153153 181181 225225
Pop
06GV1 , 156164 227227 191203 176176 161165 150158 212216 096099 195207 192192 141153 181181 225225
R10b  , 156164 227227 199199 176176 165165 150158 212216 096099 195195 192192 141153 181181 225237
R11B  , 164164 227227 199199 192192 165165 150150 208212 096099 195195 192192 141141 181181 225237
R17   , 156164 227227 191207 168172 165165 150150 216216 099099 195195 192192 141141 181181 225225
R17N2 , 156164 227227 199203 168192 161165 158158 216216 096099 195195 192192 141147 181181 225229
R18   , 156156 227227 191199 176192 165165 150158 216216 096096 195207 192192 141153 181181 225229
r19a  , 164164 227231 203203 168176 161165 150150 212216 096096 195207 192192 141141 181181 225225
r20a  , 164164 231231 191203 176176 165165 150150 212212 096096 199207 192192 141147 181181 225237
r21a1 , 164164 227227 203207 168192 165165 150158 216216 099099 195207 192196 153153 181181 233237
r21a2 , 164164 227227 195207 172176 165165 154158 216216 099099 207207 192192 141153 181181 225237
r22   , 164164 227227 207207 172176 165165 150150 216216 099099 195207 192192 141153 181181 225229
R23A  , 156164 227227 199207 168168 165165 150150 212216 096099 195207 192192 153153 181181 225229
r24a1 , 164164 227231 199199 176192 165165 154158 212216 096099 195207 192192 141153 181181 225233
r24a2 , 164164 227227 203207 168168 165165 150150 208216 096099 195207 192192 141141 181181 225225
R24B1 , 164164 227227 199203 168176 165165 150150 212212 096096 195195 192192 141156 181181 225225
R25   , 156164 227227 199207 168168 165165 150150 212212 096096 195195 192192 141153 181181 225229
R46   , 164164 227227 203203 176176 161165 150158 216216 096096 207207 192192 147153 181181 237241
r471  , 164164 227231 195203 176192 161165 150150 212212 099099 199199 192192 147153 181181 225237
r472  , 164164 227231 203203 176192 161165 150150 212212 096099 199199 192192 147153 181181 225237
r501  , 156164 231231 195203 176176 165165 150150 212216 096096 199199 192192 147156 181181 225237
r502  , 156164 231231 191203 192192 161165 150150 212212 096096 199199 192192 141147 181181 237237
r52   , 164164 231231 191191 176176 161165 150150 212216 096096 199207 192192 147147 181181 225225
R53   , 164164 231231 203203 176176 165165 150150 212216 096096 199199 192192 147147 181181 237237
R55   , 156164 231231 195195 192192 161161 150150 212212 096096 199199 192192 141162 181181 225237
r57   , 164164 227231 195203 176176 161165 150150 212216 099099 199199 192192 147147 181181 225225
R59   , 164164 227231 195195 176176 161165 150158 212216 096099 199199 192192 147147 181181 237237
R61   , 156164 227227 199199 168168 165165 150150 208216 099099 207207 192192 141153 181181 233233
r621  , 164164 231231 195203 176192 161165 150150 212212 096099 199199 192192 147147 181181 237237
r622  , 164164 231231 191195 176176 161165 150150 212216 096099 199199 192192 141141 181181 225237
r62a  , 156164 227227 203203 192192 165165 150150 216216 096099 195195 192192 141153 181181 225233
R63   , 164164 231231 195195 176192 161165 150150 212216 096096 199199 192192 147147 181181 225225
R66A  , 156164 227227 203203 176192 165165 150150 212212 096096 195207 192192 141141 181181 233237
r68   , 164164 227227 195199 176176 161165 158158 212216 096096 195195 192192 141153 181181 229229
r691  , 156164 227227 203203 176176 165165 150150 212212 096099 195207 192192 141153 181181 225229
r692  , 164164 227231 203203 176192 165165 150158 212216 096096 195207 192192 141147 181181 225229
R732  , 164164 227227 199199 176176 165165 158158 212216 099099 195195 192192 156156 181181 237237
RGR1  , 156164 227227 199203 176176 165165 158158 212212 099099 207207 192192 153153 181181 229229
RGR2  , 156156 227227 191199 176176 165165 150150 216216 096096 207207 192192 141141 181181 229237
06GU1 , 156164 227231 199203 168168 165165 150158 216216 099099 195195 192192 141141 181181 225233
Pop
52002 , 156156 231231 195203 176192 165165 154170 216216 096096 207207 192192 153159 181181 233237
52003 , 156164 227231 203207 192192 165165 150158 216216 096096 207207 192196 153153 181181 233257
52004 , 156164 231231 195207 192192 165165 166170 208208 099105 203207 184192 153153 181181 225253
52005 , 156164 231231 203207 176192 161165 150150 208212 096096 195203 184192 150153 181181 237237
52006 , 156156 227231 203203 172176 165165 150162 216216 096102 207207 192192 138153 181181 225229
52007 , 156156 227231 195203 172176 165165 158166 216216 096099 199207 184192 132159 181181 233237
52008 , 156156 231231 195195 192196 165165 150162 216216 096099 207207 184192 159159 181181 229233
52010 , 156164 231231 195203 176176 165165 000000 212212 099102 207207 192192 153159 181181 233237
52011 , 156164 227231 000000 176192 165165 158170 216216 099099 207207 184192 147153 181181 229257
52012 , 156164 227227 207207 196196 165165 154158 212212 096099 207207 192192 153159 181181 233233
52013 , 156164 231231 195207 176176 161165 154154 216216 096099 207207 184192 153156 181181 233237
52014 , 156156 231231 195195 192192 165165 150154 208216 096099 195207 192192 147150 181181 233241
52015 , 156164 231231 000000 176200 165165 150154 196208 099099 203207 184192 159159 181181 233237
52016 , 156164 231231 195207 192192 165165 154166 208208 096099 207207 184192 153153 176176 233237
52017 , 156156 231231 195203 192192 161165 158170 212216 096099 203203 184192 153159 181181 233233
52018 , 156164 231231 203203 172200 165165 150170 208216 096096 207207 184192 138159 181181 229233
52019 , 156164 000000 195203 192192 165165 150154 216216 099099 207207 184192 138153 181181 229233
52020 , 156156 231231 195207 176192 161165 158166 216216 096096 207207 184192 153159 181181 237237
52021 , 156164 231235 203203 176192 161165 154162 216216 096099 207207 184192 153153 181181 217241
52022 , 000000 231231 195195 192192 161165 150154 000000 096096 207207 192192 147153 181181 229253
52023 , 156156 227227 203203 176192 165165 150158 196216 099099 207207 192192 150159 181181 221233
52024 , 164164 231231 203203 192192 161165 150150 212212 096096 203207 184192 153156 181181 233237
52025 , 156156 231231 195203 176192 165165 150150 216216 096099 199203 192192 153159 181181 237241
52026 , 156156 227231 203203 192192 161165 150150 196196 096096 207207 192192 159159 176176 233233
52027 , 000000 231231 203207 172176 165165 150154 212212 096096 195207 192192 153153 181181 221233
52028 , 156156 231231 199203 192196 161165 150170 212216 096102 195207 192192 153153 181181 233233
52029 , 156156 231231 195203 176192 161165 150162 212212 096099 195207 192192 150153 181181 233241
52030 , 156164 231231 203203 176200 161165 154162 216216 096105 199199 192192 132159 181181 233237
52031 , 156164 231235 195203 176176 161165 150176 216216 099099 207207 192192 153153 181181 233233
Pop
W0962 , 156164 227231 203203 200200 165165 150150 216216 096096 195203 184192 159159 181181 233233
WH105 , 156156 227231 203203 176176 165165 150150 208208 096099 199207 184192 153159 181181 233233
WH112 , 156156 227231 203203 172176 165165 150150 216216 099102 195207 192192 159159 181181 237241
WH136 , 156164 227231 195203 172176 161165 158162 216216 096096 203207 192192 153159 181181 233241
WH147 , 156164 231231 195195 192192 165165 158170 208216 096096 195207 192192 141153 181181 229229
WH148 , 156164 231231 203203 176176 165165 158170 216216 096099 195203 184192 147159 181181 229229
WH149 , 156164 227231 203203 176176 161165 162170 216216 096105 195207 184192 147147 181181 229229
WH178 , 156164 231231 203203 192192 165165 150162 216216 096099 207207 192192 153153 181181 233233
WH200 , 156156 227231 203203 176176 161161 162162 216216 096096 195207 192192 153159 181181 229229
WH282 , 164164 231231 203203 172192 165165 150158 212216 096102 195207 192192 153153 176181 233233
WH286 , 156164 231231 000000 172172 165165 150162 212212 096099 195207 192192 153153 181181 229237
WH316 , 156156 231231 195203 176176 161161 150158 216216 096096 207207 192192 153165 181181 233241
WH332 , 156164 231231 195211 176192 165165 150150 196216 099102 203207 192192 138153 181181 233237
WH333 , 156156 227231 195211 176192 165165 150154 212212 096096 207207 192192 153153 181181 233237
W3431 , 156156 231231 195203 192200 165165 150150 212216 099099 195203 184192 153153 181181 233237
W3432 , 164164 231231 203203 172172 165165 150150 216216 096099 207207 192192 153153 181181 233237
W0691 , 156164 227231 203203 192192 161165 158158 212216 099102 207207 192192 153153 181181 241245
W0692 , 156164 227231 203211 200200 161165 150150 216216 096096 195207 184192 138153 181181 229237
WG007 , 156164 231231 203203 176200 165165 150150 216216 096096 195203 192192 153153 181181 241245
WG019 , 156164 231231 195203 172192 000000 150158 212212 099099 207207 192192 153153 181181 241241
WG068 , 000000 227231 195203 172172 165165 150150 212216 096102 207207 192192 153153 181181 241241
WG071 , 164164 227231 203203 192200 165165 158170 216216 096102 195203 184192 153159 181181 245245
cr301 , 156156 231231 199203 172176 165165 158172 212212 096099 203207 192192 147153 181181 233237
cr302 , 156164 227227 199203 176176 165165 158170 208216 096096 203207 192196 147153 181181 229237
cr36  , 156164 227227 199203 172176 161165 150150 212216 099099 195207 192192 141153 181181 233237
Pop
P005B , 156156 227231 203203 172192 165165 150170 216216 096096 199207 184192 153159 176181 233257
P009A , 156164 227231 203207 192192 165165 150150 216216 096096 207207 192192 138159 176181 237237
P009B , 156164 227231 203203 192192 165165 162162 216216 096096 207207 192192 138153 181181 229237
P012  , 156156 231231 203203 172192 161165 150162 216216 096096 207207 192192 153159 181181 253253
P017A , 156156 231231 203203 176192 161165 150154 216216 099099 199207 184192 153159 181181 229241
P017B , 156156 231231 203207 000000 161165 150150 216216 000000 207207 184192 138147 181181 237241
P019A , 156156 227235 203203 000000 165165 150170 216216 000000 207207 192192 138153 181181 237237
P019B , 156164 231231 203203 176200 165165 158170 196216 096096 207207 184192 141153 181181 229253
P021  , 156156 231231 203203 192192 165165 150170 196216 096096 207207 184192 150153 176181 237237
P022A , 156164 227231 195199 176192 161165 150162 196216 096096 199207 184192 153153 181181 237237
P022B , 156156 231231 203203 176192 161165 150162 216216 096096 207207 192192 153153 181181 237237
P030  , 156164 227231 203203 176192 165165 162170 216216 096096 207207 192192 150153 181181 237237
P10   , 156156 231231 203203 176192 165165 150158 196196 096096 195207 192192 147159 181181 237237
P10B  , 156164 227231 203207 176176 157165 150170 216216 096096 207207 192192 138165 181181 229233
P11   , 156164 231231 195203 176192 161165 150170 216216 096099 203207 184192 138153 181181 237237
P12   , 156164 231231 195195 192192 165165 150170 216216 096096 207207 184192 150150 181181 229241
P14   , 156156 231231 203203 176192 165165 150150 208216 096096 207207 192192 138153 176181 237253
P16   , 156156 227227 195203 168192 165165 150150 216216 096096 195195 192192 153159 181181 237253
P16B  , 156164 227231 195203 176192 165165 150150 196216 096096 207207 192192 153153 181181 229229
P17   , 160164 231231 203203 172192 161165 154162 208216 096096 207207 184192 153153 181181 229233
P18   , 156156 231231 203203 176176 161165 150166 216216 096096 207207 192192 150156 181181 229237
P18B  , 156160 231231 203207 176192 161165 150154 216216 096099 207207 184192 153159 181181 241253
P1A   , 156156 231231 203203 168176 165165 150150 216216 096096 203207 192192 153153 181181 241253
P1B   , 156164 231231 195195 176192 165165 154162 196196 096096 207207 184192 153153 181181 237241
P2    , 156164 227231 199203 172192 000000 150158 216216 096099 207207 184192 138153 181181 229237
P4A   , 160164 231231 195203 176192 165165 150162 216216 096096 207207 192192 138153 176181 237237
P4B   , 156156 231231 203203 168176 161165 150162 196216 096099 199207 184192 153153 161161 229241
P6    , 156156 231231 199203 192192 161165 154162 196216 000000 207207 192192 153153 181181 229237
P7    , 156156 231231 203203 176192 165165 154158 212216 096096 199207 192192 138153 181181 233237
P8A   , 156156 231231 203203 172192 165165 150154 216216 096096 207207 184192 153153 176181 237241
Pop
JI10  , 156156 227231 203203 172172 161165 150150 216216 099099 199199 192192 150150 171181 233241
JI13A , 164164 223223 203203 172196 161165 150150 216216 096099 199207 192192 150150 171181 233237
JI13B , 156164 227231 203203 172172 165165 150150 212212 099099 199199 192192 150150 181181 233233
JI13C , 164164 227231 203203 172172 165165 150150 216216 096099 199199 192192 150150 181181 233233
RG10A , 156156 231231 203207 172172 165165 150150 216216 096096 199203 192192 150150 171181 237237
RG10B , 156164 227227 203203 172172 165165 150150 216216 096099 199203 192192 150150 181181 233241
RG10C , 156156 227227 203203 172172 165165 150150 216216 099099 199199 192192 150150 181181 233233
RG10D , 156156 231231 203203 172184 165165 142150 216216 096102 199207 192192 150150 181181 233237
RG13  , 156164 227227 203203 172172 161161 142150 196216 096096 199207 192192 150150 181181 233233
RG14  , 156164 231231 203203 172176 165165 150150 216216 096099 199203 192192 150150 181181 225233
RG15A , 156164 231231 203203 172172 165165 150150 216216 096099 199207 192192 150156 176176 233233
RG15B , 156156 227231 203203 172172 165165 150150 216216 096096 199199 192192 150150 181181 233233
RG15C , 156156 227231 203203 172172 165165 150150 212216 096096 199203 192192 150153 181181 233233
RG15D , 156164 223235 203203 172172 165165 150150 216216 096099 199199 192192 150150 181181 233233
RG16A , 156156 227231 203203 172172 165165 150150 212216 096096 199199 192192 150171 181181 233233
RG16B , 156156 231231 203203 172172 161165 150150 208212 096096 000000 192192 150162 176176 233233
RG16C , 156156 227227 203203 172172 161165 150154 216216 096099 199207 192192 150150 181181 233233
RG16D , 156156 231231 203207 172172 165165 150150 216216 096096 199207 192200 150150 176176 233233
RG16E , 156164 227231 203203 172172 165165 150150 216216 096099 199199 192192 150150 181181 233233
RG16F , 156156 223231 203203 172184 165165 150150 212216 096096 199199 192200 150150 181181 233233
RG16G , 156164 227227 203203 172172 161165 150150 216216 096096 199199 192192 150150 181181 233233
RG16H , 156164 231231 203203 172172 161165 142150 196208 096099 207207 192192 150150 176181 233237
RG16I , 156164 227227 203203 172176 165165 150150 216216 099099 199207 192192 150150 181181 233233
RG16J , 156164 227227 203203 172176 165165 142150 208216 099099 199203 192200 150150 181181 233233
RG16K , 156156 227231 203203 172172 161165 150154 216216 096099 000000 192192 150150 181181 233233
RG16N , 156164 227235 203203 172184 165165 150150 216216 096096 199199 192192 150150 181181 233233
RG16O , 156156 227235 203203 172172 165165 150150 216216 096099 199203 192192 150150 181181 233237
RG17A , 156156 227227 203207 172172 165165 150150 216216 099102 199203 192192 150150 176181 233237
